%YAML:1.0

cam0:
  # T_cam_imu from trans_matrix.yaml: t265_fisheye1_optical_frame to t265_gyroscope
  # This is T_cam_imu = inv(T_imu_cam)
  # From trans_matrix: t265_fisheye1 to t265_gyroscope:
  # [[-0.99992633,  0.00493413,  0.01108991,  0.01070000],
  #  [-0.00490392, -0.99998420,  0.00274920,  0.00000000],
  #  [ 0.01110330,  0.00269461,  0.99993473,  0.00000000],
  #  [ 0.00000000,  0.00000000,  0.00000000,  1.00000000]]
  # We need T_imu_cam = inv(T_cam_imu)
  T_cam_imu:
    - [-9.9992633141677389e-01, -4.9039224756951853e-03,  1.1103300578872334e-02,  1.0699998587400001e-02]
    - [ 4.9341275780694404e-03, -9.9998419659493765e-01,  2.6946141507085820e-03,  0.0]
    - [ 1.1089910930018767e-02,  2.7492007438955665e-03,  9.9993472575505349e-01,  0.0]
    - [ 0.0, 0.0, 0.0, 1.0]
  
  cam_overlaps: [1]
  camera_model: equidistant
  
  # From sensors.yaml t265_fisheye1_optical_frame
  # intrinsics: [fx, fy, cx, cy]
  # data: [283.44720458984375, 424.98699951171875, 284.56570434570312, 397.39138793945312]
  intrinsics: [283.44720458984375, 424.98699951171875, 284.56570434570312, 397.39138793945312]
  
  # distortion_model: Kannala-Brandt (equidistant)
  # data: [-2.1781339310109615e-03, 3.7803109735250473e-02, -3.5849031060934067e-02, 5.7638869620859623e-03, 0.]
  distortion_coeffs: [-2.1781339310109615e-03, 3.7803109735250473e-02, -3.5849031060934067e-02, 5.7638869620859623e-03]
  distortion_model: equidistant
  
  # width: 848, height: 800
  resolution: [848, 800]
  
  rostopic: /t265/fisheye1/image_raw
  timeshift_cam_imu: 0.0

cam1:
  # T_cam_imu for fisheye2
  # From trans_matrix: fisheye1 to fisheye2:
  # [[ 0.99997974, -0.00031362,  0.00635756,  0.06407825],
  #  [ 0.00033728,  0.99999302, -0.00372070,  0.00039033],
  #  [-0.00635635,  0.00372277,  0.99997287, -0.00032293],
  #  [ 0.00000000,  0.00000000,  0.00000000,  1.00000000]]
  # T_cam1_imu = T_cam1_cam0 * T_cam0_imu
  # For now, we compute: T_imu_cam0 * T_cam0_cam1 = T_imu_cam1
  # Then T_cam1_imu = inv(T_imu_cam1)
  # 
  # T_cam0_cam1 (fisheye1 to fisheye2):
  # [[ 9.9997974130643585e-01, -3.1362423552325577e-04,  6.3575637277560014e-03,  6.4078249037300000e-02],
  #  [ 3.3728347348993087e-04,  9.9999302128760181e-01, -3.7207010028402045e-03,  3.9032954373400001e-04],
  #  [-6.3563524581395654e-03,  3.7227699274757758e-03,  9.9997286851568878e-01, -3.2292646938000000e-04],
  #  [ 0., 0., 0., 1.]]
  #
  # Since both fisheye cameras share the same IMU, we use:
  # T_cam1_imu = T_cam0_imu * inv(T_cam0_cam1)
  # This simplifies to: T_cam1_cam0 * T_cam0_imu
  # T_cam1_cam0 = inv(T_cam0_cam1)
  T_cam_imu:
    - [-9.9990607209664652e-01, -4.8777992184098638e-03,  1.0464547066646906e-02,  1.7096824497091256e-02]
    - [ 4.9614275632564664e-03, -9.9997481793932158e-01,  4.9438714927099812e-03, -3.9134024944350706e-04]
    - [ 1.0450381834318914e-02,  4.9689957558371994e-03,  9.9993112313742433e-01,  1.8516887049891054e-04]
    - [ 0.0, 0.0, 0.0, 1.0]
  
  cam_overlaps: [0]
  camera_model: equidistant
  
  # From sensors.yaml t265_fisheye2_optical_frame
  # intrinsics: [fx, fy, cx, cy]
  # data: [283.64129638671875, 423.45190429687500, 284.82809448242188, 400.32971191406250]
  intrinsics: [283.64129638671875, 423.45190429687500, 284.82809448242188, 400.32971191406250]
  
  # distortion_model: Kannala-Brandt (equidistant)
  # data: [8.7154511129483581e-04, 2.9413620010018349e-02, -2.7649799361824989e-02, 3.0997279100120068e-03, 0.]
  distortion_coeffs: [8.7154511129483581e-04, 2.9413620010018349e-02, -2.7649799361824989e-02, 3.0997279100120068e-03]
  distortion_model: equidistant
  
  # width: 848, height: 800
  resolution: [848, 800]
  
  rostopic: /t265/fisheye2/image_raw
  timeshift_cam_imu: 0.0
