%YAML:1.0

cam0:
  T_cam_imu:
    # Identity for now - need proper calibration from trans_matrix.yaml
    - [1.0, 0.0, 0.0, 0.0]
    - [0.0, 1.0, 0.0, 0.0]
    - [0.0, 0.0, 1.0, 0.0]
    - [0.0, 0.0, 0.0, 1.0]
  
  cam_overlaps: []
  camera_model: pinhole
  
  # From sensors.yaml d400_color_optical_frame
  # intrinsics: [fx, fy, cx, cy]
  # [616.80273437500000, 435.03417968750000, 616.75103759765625, 242.90113830566406]
  intrinsics: [616.80273437500000, 616.75103759765625, 435.03417968750000, 242.90113830566406]
  
  # distortion_coefficients: [0, 0, 0, 0, 0]
  distortion_coeffs: [0.0, 0.0, 0.0, 0.0]
  distortion_model: radtan
  
  # width: 848, height: 480
  resolution: [848, 480]
  
  rostopic: /d400/color/image_raw
  timeshift_cam_imu: 0.0
