%YAML:1.0

cam0:
  T_cam_imu:
    - [-9.9992633141677389e-01, -4.9039224756951853e-03,  1.1103300578872334e-02,  1.0699998587400001e-02]
    - [ 4.9341275780694404e-03, -9.9998419659493765e-01,  2.6946141507085820e-03,  0.0]
    - [ 1.1089910930018767e-02,  2.7492007438955665e-03,  9.9993472575505349e-01,  0.0]
    - [ 0.0, 0.0, 0.0, 1.0]
  
  cam_overlaps: [1]
  camera_model: equidistant
  
  intrinsics: [283.44720458984375, 284.56570434570312,424.98699951171875, 397.39138793945312]
  
  distortion_coeffs: [-2.1781339310109615e-03, 3.7803109735250473e-02, -3.5849031060934067e-02, 5.7638869620859623e-03]
  distortion_model: equidistant
  
  # width: 848, height: 800
  resolution: [848, 800]
  
  rostopic: /t265/fisheye1/image_raw
  timeshift_cam_imu: 0.0

cam1:
  T_cam_imu:
    - [-0.9999783 , -0.00454895,  0.00476415, -0.05337982]
    - [ 0.00457962, -0.99996873,  0.00644655, -0.00012782]
    - [ 0.00473468,  0.00646823,  0.99996787,  0.00027013]
    - [ 0.0, 0.0, 0.0, 1.0]
  
  cam_overlaps: [0]
  camera_model: equidistant
  
  intrinsics: [283.64129638671875, 284.82809448242188,423.45190429687500, 400.32971191406250]
  distortion_coeffs: [8.7154511129483581e-04, 2.9413620010018349e-02, -2.7649799361824989e-02, 3.0997279100120068e-03]
  distortion_model: equidistant
  
  # width: 848, height: 800
  resolution: [848, 800]
  
  rostopic: /t265/fisheye2/image_raw
  timeshift_cam_imu: 0.0
